Ba-133
53.1622 6 2.14 % 3 0.001138 17
79.6142 12 2.65 % 5 0.00211 4
80.9979 11 32.9 % 3 0.0267 3
160.6120 16 0.638 % 5 0.001025 9
223.2368 13 0.453 % 3 0.001011 8
276.3989 12 7.16 % 5 0.01979 13
302.8508 5 18.34 % 13 0.0555 4
356.0129 7 62.05 % 0.2209
383.8485 12 8.94 % 6 0.03432 24
Cs-137
283.5 1 5.8E-4 % 8 1.64E-6 23
661.657 3 85.10 % 20 0.5631 13
Na-22
511.0 180.76 % 4
1274.537 7 99.940 % 14 1.27377 18
Co-57
14.4129 6 9.16 % 15 0.001320 22
122.06065 12 85.60 % 17 0.10448 21
136.47356 29 10.68 % 8 0.01458 11
230.4 4 4E-4 % 4 9E-7 9
339.69 21 0.0037 % 3 1.26E-5 10
352.33 21 0.0030 % 3 1.06E-5 11
366.8 3 0.0012 % 3 4.4E-6 11
570.09 20 0.0158 % 10 9.0E-5 6
692.41 7 0.149 % 10 0.00103 7
706.54 22 0.0050 % 5 3.5E-5 4